4.742857142857143105e-01 3.985714285714285765e-01
4.771428571428571463e-01 4.442857142857142838e-01
5.100000000000000089e-01 4.342857142857142749e-01
5.085714285714285632e-01 4.028571428571428581e-01
5.442857142857142616e-01 4.457142857142857295e-01
5.471428571428571530e-01 3.985714285714285765e-01
9.371428571428571663e-01 4.385714285714285565e-01
9.471428571428571752e-01 4.314285714285714390e-01
9.485714285714286209e-01 3.900000000000000133e-01
9.385714285714286120e-01 3.842857142857142860e-01
5.585714285714286076e-01 4.228571428571428759e-01
5.714285714285713969e-01 5.085714285714285632e-01
6.199999999999999956e-01 6.014285714285714235e-01
7.399999999999999911e-01 6.228571428571428870e-01
8.728571428571428870e-01 5.871428571428571885e-01
9.114285714285714768e-01 4.985714285714285543e-01
9.128571428571428115e-01 4.028571428571428581e-01
7.442857142857143282e-01 3.657142857142857140e-01
9.471428571428571752e-01 4.328571428571428847e-01
7.028571428571428470e-01 4.428571428571428381e-01
6.400000000000000133e-01 5.085714285714285632e-01
6.328571428571428958e-01 4.942857142857142727e-01
7.042857142857142927e-01 4.357142857142857206e-01
9.471428571428571752e-01 3.971428571428571308e-01
8.571428571428571508e-02 4.371428571428571663e-01
7.142857142857142461e-02 4.314285714285714390e-01
7.285714285714285643e-02 3.900000000000000133e-01
8.857142857142856485e-02 3.828571428571428403e-01
4.571428571428571286e-01 4.242857142857142660e-01
4.457142857142857295e-01 5.128571428571429003e-01
4.042857142857143038e-01 5.985714285714285321e-01
2.542857142857142816e-01 6.199999999999999956e-01
1.514285714285714401e-01 5.928571428571428603e-01
1.085714285714285687e-01 4.985714285714285543e-01
9.857142857142857373e-02 4.085714285714285854e-01
2.528571428571428359e-01 3.642857142857142683e-01
7.571428571428572007e-02 4.299999999999999933e-01
2.899999999999999800e-01 4.385714285714285565e-01
3.542857142857142594e-01 5.071428571428571175e-01
3.599999999999999867e-01 4.942857142857142727e-01
2.914285714285714257e-01 4.314285714285714390e-01
7.571428571428572007e-02 3.957142857142857406e-01
