3.728571428571428314e-01 4.385714285714285565e-01
3.714285714285714413e-01 3.942857142857142949e-01
4.000000000000000222e-01 4.299999999999999933e-01
4.014285714285714124e-01 3.942857142857142949e-01
4.342857142857142749e-01 4.428571428571428381e-01
4.357142857142857206e-01 3.914285714285714035e-01
9.100000000000000311e-01 4.428571428571428381e-01
9.342857142857142749e-01 4.357142857142857206e-01
9.371428571428571663e-01 3.800000000000000044e-01
9.114285714285714768e-01 3.714285714285714413e-01
4.500000000000000111e-01 4.142857142857143127e-01
4.685714285714285832e-01 5.314285714285714723e-01
5.342857142857142527e-01 6.242857142857143327e-01
6.657142857142857029e-01 6.557142857142856940e-01
8.314285714285714057e-01 6.285714285714285587e-01
8.771428571428571130e-01 5.314285714285714723e-01
8.871428571428571219e-01 4.099999999999999756e-01
6.700000000000000400e-01 3.542857142857142594e-01
9.314285714285713835e-01 4.357142857142857206e-01
8.157142857142857251e-01 4.442857142857142838e-01
7.557142857142856718e-01 5.200000000000000178e-01
7.514285714285714457e-01 5.028571428571428914e-01
8.157142857142857251e-01 4.342857142857142749e-01
9.371428571428571663e-01 3.842857142857142860e-01
7.714285714285713802e-02 4.257142857142857117e-01
7.142857142857142461e-02 4.185714285714285943e-01
7.285714285714285643e-02 3.814285714285714501e-01
8.000000000000000167e-02 3.800000000000000044e-01
3.514285714285714235e-01 4.142857142857143127e-01
3.485714285714285876e-01 5.085714285714285632e-01
3.014285714285714346e-01 5.985714285714285321e-01
1.957142857142857018e-01 6.042857142857143149e-01
1.285714285714285587e-01 5.728571428571428426e-01
9.714285714285714191e-02 4.914285714285714368e-01
8.857142857142856485e-02 3.971428571428571308e-01
2.071428571428571563e-01 3.599999999999999867e-01
7.428571428571428825e-02 4.199999999999999845e-01
3.771428571428571686e-01 4.342857142857142749e-01
4.671428571428571375e-01 5.128571428571429003e-01
4.714285714285714191e-01 4.971428571428571641e-01
3.742857142857142771e-01 4.228571428571428759e-01
7.428571428571428825e-02 3.857142857142857317e-01
