3.714285714285714413e-01 4.028571428571428581e-01
3.771428571428571686e-01 4.385714285714285565e-01
4.142857142857143127e-01 4.271428571428571574e-01
4.142857142857143127e-01 3.957142857142857406e-01
4.628571428571428559e-01 4.400000000000000022e-01
4.728571428571428648e-01 4.028571428571428581e-01
8.728571428571428870e-01 4.542857142857142927e-01
8.971428571428571308e-01 4.442857142857142838e-01
8.985714285714285765e-01 4.042857142857143038e-01
8.685714285714285499e-01 3.885714285714285676e-01
4.814285714285714279e-01 4.257142857142857117e-01
4.799999999999999822e-01 5.400000000000000355e-01
5.385714285714285898e-01 6.428571428571429047e-01
6.457142857142856851e-01 6.771428571428571574e-01
7.742857142857142438e-01 6.385714285714285676e-01
8.385714285714285232e-01 5.385714285714285898e-01
8.471428571428571974e-01 4.185714285714285943e-01
6.728571428571428203e-01 3.542857142857142594e-01
8.957142857142856851e-01 4.485714285714285654e-01
8.157142857142857251e-01 4.528571428571428470e-01
7.385714285714285454e-01 5.414285714285714812e-01
7.371428571428570997e-01 5.257142857142856895e-01
8.114285714285713880e-01 4.457142857142857295e-01
9.000000000000000222e-01 4.042857142857143038e-01
9.428571428571429214e-02 4.342857142857142749e-01
8.428571428571428326e-02 4.242857142857142660e-01
8.428571428571428326e-02 3.928571428571428492e-01
9.571428571428571008e-02 3.885714285714285676e-01
3.571428571428571508e-01 4.214285714285714302e-01
3.685714285714285499e-01 5.414285714285714812e-01
3.228571428571428426e-01 6.242857142857143327e-01
2.314285714285714279e-01 6.385714285714285676e-01
1.514285714285714401e-01 5.885714285714285232e-01
1.085714285714285687e-01 4.957142857142857184e-01
1.085714285714285687e-01 4.071428571428571397e-01
2.428571428571428548e-01 3.614285714285714324e-01
8.428571428571428326e-02 4.285714285714285476e-01
3.342857142857142971e-01 4.428571428571428381e-01
4.299999999999999933e-01 5.200000000000000178e-01
4.385714285714285565e-01 5.100000000000000089e-01
3.342857142857142971e-01 4.285714285714285476e-01
8.571428571428571508e-02 3.957142857142857406e-01
