3.071428571428571619e-01 4.042857142857143038e-01
3.085714285714285521e-01 4.485714285714285654e-01
3.228571428571428426e-01 4.400000000000000022e-01
3.242857142857142883e-01 4.085714285714285854e-01
3.557142857142857051e-01 4.500000000000000111e-01
3.585714285714285965e-01 4.028571428571428581e-01
7.628571428571429003e-01 4.342857142857142749e-01
7.971428571428571530e-01 4.199999999999999845e-01
7.971428571428571530e-01 3.657142857142857140e-01
7.628571428571429003e-01 3.585714285714285965e-01
3.685714285714285499e-01 4.271428571428571574e-01
3.928571428571428492e-01 5.400000000000000355e-01
4.557142857142857384e-01 6.257142857142856673e-01
5.514285714285713791e-01 6.485714285714285765e-01
6.957142857142857295e-01 6.328571428571428958e-01
7.399999999999999911e-01 5.271428571428571352e-01
7.371428571428570997e-01 3.971428571428571308e-01
5.571428571428571619e-01 3.499999999999999778e-01
8.100000000000000533e-01 4.199999999999999845e-01
8.671428571428571042e-01 4.257142857142857117e-01
8.257142857142857340e-01 5.157142857142856807e-01
8.171428571428571708e-01 5.028571428571428914e-01
8.571428571428570953e-01 4.214285714285714302e-01
8.128571428571428337e-01 3.714285714285714413e-01
1.242857142857142910e-01 4.414285714285714479e-01
1.228571428571428592e-01 4.414285714285714479e-01
1.199999999999999956e-01 4.085714285714285854e-01
1.257142857142857229e-01 4.057142857142856940e-01
2.942857142857142616e-01 4.314285714285714390e-01
2.928571428571428714e-01 5.271428571428571352e-01
2.642857142857142905e-01 5.957142857142857517e-01
2.142857142857142738e-01 5.928571428571428603e-01
1.728571428571428481e-01 5.728571428571428426e-01
1.400000000000000133e-01 4.957142857142857184e-01
1.300000000000000044e-01 4.171428571428571486e-01
2.142857142857142738e-01 3.814285714285714501e-01
1.228571428571428592e-01 4.371428571428571663e-01
4.557142857142857384e-01 4.400000000000000022e-01
5.400000000000000355e-01 5.014285714285714457e-01
5.557142857142857162e-01 4.914285714285714368e-01
4.585714285714285743e-01 4.285714285714285476e-01
1.228571428571428592e-01 4.099999999999999756e-01
