2.928571428571428714e-01 4.099999999999999756e-01
2.985714285714285987e-01 4.442857142857142838e-01
3.328571428571428514e-01 4.357142857142857206e-01
3.328571428571428514e-01 4.028571428571428581e-01
3.714285714285714413e-01 4.485714285714285654e-01
3.742857142857142771e-01 4.099999999999999756e-01
7.957142857142857073e-01 4.600000000000000200e-01
8.285714285714286254e-01 4.485714285714285654e-01
8.371428571428571885e-01 4.057142857142856940e-01
7.957142857142857073e-01 3.914285714285714035e-01
3.857142857142857317e-01 4.299999999999999933e-01
3.828571428571428403e-01 5.285714285714285809e-01
4.500000000000000111e-01 6.642857142857142572e-01
5.414285714285714812e-01 7.057142857142857384e-01
6.842857142857142749e-01 6.742857142857142660e-01
7.571428571428571175e-01 5.557142857142857162e-01
7.642857142857142350e-01 4.328571428571428847e-01
5.728571428571428426e-01 3.528571428571428692e-01
8.428571428571428603e-01 4.528571428571428470e-01
8.800000000000000044e-01 4.657142857142856918e-01
8.342857142857142971e-01 5.628571428571428337e-01
8.271428571428571797e-01 5.457142857142857073e-01
8.757142857142856673e-01 4.600000000000000200e-01
8.457142857142857517e-01 4.085714285714285854e-01
1.014285714285714235e-01 4.457142857142857295e-01
9.571428571428571008e-02 4.428571428571428381e-01
9.714285714285714191e-02 4.085714285714285854e-01
1.000000000000000056e-01 4.014285714285714124e-01
2.814285714285714168e-01 4.299999999999999933e-01
2.957142857142857073e-01 5.157142857142856807e-01
2.728571428571428537e-01 6.214285714285714413e-01
2.085714285714285743e-01 6.414285714285714590e-01
1.471428571428571308e-01 5.957142857142857517e-01
1.128571428571428503e-01 5.085714285714285632e-01
1.085714285714285687e-01 4.214285714285714302e-01
1.942857142857142838e-01 3.742857142857142771e-01
9.857142857142857373e-02 4.385714285714285565e-01
4.128571428571428670e-01 4.600000000000000200e-01
5.100000000000000089e-01 5.328571428571428070e-01
5.214285714285714635e-01 5.242857142857142438e-01
4.128571428571428670e-01 4.471428571428571197e-01
1.028571428571428553e-01 4.114285714285714213e-01
