5.828571428571428514e-01 3.985714285714285765e-01
5.842857142857142971e-01 4.514285714285714013e-01
6.171428571428571042e-01 4.400000000000000022e-01
6.171428571428571042e-01 4.042857142857143038e-01
6.457142857142856851e-01 4.500000000000000111e-01
6.471428571428571308e-01 4.028571428571428581e-01
9.157142857142857029e-01 4.457142857142857295e-01
9.200000000000000400e-01 4.400000000000000022e-01
9.200000000000000400e-01 4.028571428571428581e-01
9.142857142857142572e-01 4.000000000000000222e-01
6.585714285714285854e-01 4.257142857142857117e-01
6.700000000000000400e-01 5.271428571428571352e-01
7.157142857142857473e-01 6.099999999999999867e-01
8.000000000000000444e-01 6.157142857142857695e-01
8.714285714285714413e-01 5.842857142857142971e-01
8.985714285714285765e-01 5.057142857142856718e-01
9.042857142857142483e-01 4.185714285714285943e-01
8.014285714285713791e-01 3.757142857142857229e-01
9.157142857142857029e-01 4.400000000000000022e-01
6.085714285714285410e-01 4.642857142857143016e-01
5.085714285714285632e-01 5.314285714285714723e-01
5.042857142857143371e-01 5.228571428571429092e-01
6.085714285714285410e-01 4.557142857142857384e-01
9.157142857142857029e-01 4.085714285714285854e-01
1.257142857142857229e-01 4.485714285714285654e-01
9.857142857142857373e-02 4.342857142857142749e-01
9.714285714285714191e-02 3.828571428571428403e-01
1.257142857142857229e-01 3.728571428571428314e-01
5.671428571428571708e-01 4.299999999999999933e-01
5.542857142857142705e-01 5.285714285714285809e-01
4.957142857142857184e-01 6.257142857142856673e-01
3.485714285714285876e-01 6.600000000000000311e-01
2.142857142857142738e-01 6.414285714285714590e-01
1.557142857142857217e-01 5.300000000000000266e-01
1.514285714285714401e-01 4.042857142857143038e-01
3.528571428571428692e-01 3.585714285714285965e-01
1.028571428571428553e-01 4.314285714285714390e-01
1.657142857142857029e-01 4.714285714285714191e-01
2.200000000000000011e-01 5.485714285714285987e-01
2.228571428571428648e-01 5.242857142857142438e-01
1.657142857142857029e-01 4.585714285714285743e-01
1.028571428571428553e-01 3.857142857142857317e-01
