4.585714285714285743e-01 4.099999999999999756e-01
4.571428571428571286e-01 4.557142857142857384e-01
4.957142857142857184e-01 4.457142857142857295e-01
4.957142857142857184e-01 4.099999999999999756e-01
5.342857142857142527e-01 4.528571428571428470e-01
5.357142857142856984e-01 4.071428571428571397e-01
9.342857142857142749e-01 4.571428571428571286e-01
9.557142857142857384e-01 4.542857142857142927e-01
9.614285714285714102e-01 4.114285714285714213e-01
9.300000000000000488e-01 4.014285714285714124e-01
5.500000000000000444e-01 4.328571428571428847e-01
5.685714285714286165e-01 5.171428571428571264e-01
6.071428571428570953e-01 5.857142857142857428e-01
7.514285714285714457e-01 6.028571428571428692e-01
8.814285714285714501e-01 5.728571428571428426e-01
9.114285714285714768e-01 5.085714285714285632e-01
9.114285714285714768e-01 4.114285714285714213e-01
7.500000000000000000e-01 3.857142857142857317e-01
9.528571428571428470e-01 4.514285714285714013e-01
7.257142857142857562e-01 4.428571428571428381e-01
6.314285714285714501e-01 5.071428571428571175e-01
6.285714285714285587e-01 4.957142857142857184e-01
7.271428571428570908e-01 4.357142857142857206e-01
9.571428571428571841e-01 4.171428571428571486e-01
6.428571428571427937e-02 4.471428571428571197e-01
4.428571428571428242e-02 4.457142857142857295e-01
4.428571428571428242e-02 4.057142857142856940e-01
6.428571428571427937e-02 3.971428571428571308e-01
4.428571428571428381e-01 4.314285714285714390e-01
4.257142857142857117e-01 5.171428571428571264e-01
3.828571428571428403e-01 5.857142857142857428e-01
2.457142857142857184e-01 6.028571428571428692e-01
1.271428571428571408e-01 5.728571428571428426e-01
9.142857142857142849e-02 5.085714285714285632e-01
8.285714285714285143e-02 4.114285714285714213e-01
2.571428571428571175e-01 3.857142857142857317e-01
4.714285714285714607e-02 4.428571428571428381e-01
2.771428571428571352e-01 4.371428571428571663e-01
3.714285714285714413e-01 5.000000000000000000e-01
3.728571428571428314e-01 4.885714285714285454e-01
2.928571428571428714e-01 4.328571428571428847e-01
4.428571428571428242e-02 4.057142857142856940e-01
