6.414285714285714590e-01 4.114285714285714213e-01
6.442857142857142394e-01 4.671428571428571375e-01
6.742857142857142660e-01 4.500000000000000111e-01
6.757142857142857117e-01 4.199999999999999845e-01
6.957142857142857295e-01 4.614285714285714102e-01
6.971428571428571752e-01 4.185714285714285943e-01
8.857142857142856762e-01 4.600000000000000200e-01
8.871428571428571219e-01 4.600000000000000200e-01
8.857142857142856762e-01 4.228571428571428759e-01
8.857142857142856762e-01 4.228571428571428759e-01
7.042857142857142927e-01 4.357142857142857206e-01
7.071428571428571841e-01 5.171428571428571264e-01
7.442857142857143282e-01 6.114285714285714324e-01
8.042857142857142705e-01 6.128571428571428781e-01
8.514285714285714235e-01 5.871428571428571885e-01
8.728571428571428870e-01 5.057142857142856718e-01
8.771428571428571130e-01 4.371428571428571663e-01
8.042857142857142705e-01 3.971428571428571308e-01
8.857142857142856762e-01 4.600000000000000200e-01
5.600000000000000533e-01 4.757142857142857006e-01
4.614285714285714102e-01 5.471428571428571530e-01
4.485714285714285654e-01 5.342857142857142527e-01
5.600000000000000533e-01 4.671428571428571375e-01
8.857142857142856762e-01 4.285714285714285476e-01
2.428571428571428548e-01 4.500000000000000111e-01
2.142857142857142738e-01 4.371428571428571663e-01
2.128571428571428559e-01 3.842857142857142860e-01
2.428571428571428548e-01 3.757142857142857229e-01
6.314285714285714501e-01 4.328571428571428847e-01
6.214285714285714413e-01 5.314285714285714723e-01
5.714285714285713969e-01 6.228571428571428870e-01
4.485714285714285654e-01 6.628571428571428115e-01
3.085714285714285521e-01 6.414285714285714590e-01
2.700000000000000178e-01 5.328571428571428070e-01
2.642857142857142905e-01 4.099999999999999756e-01
4.500000000000000111e-01 3.685714285714285499e-01
2.071428571428571563e-01 4.400000000000000022e-01
1.328571428571428681e-01 4.742857142857143105e-01
1.728571428571428481e-01 5.600000000000000533e-01
1.785714285714285754e-01 5.342857142857142527e-01
1.328571428571428681e-01 4.671428571428571375e-01
2.085714285714285743e-01 3.857142857142857317e-01
