5.242857142857142438e-01 4.214285714285714302e-01
5.300000000000000266e-01 4.557142857142857384e-01
5.714285714285713969e-01 4.400000000000000022e-01
5.714285714285713969e-01 4.171428571428571486e-01
6.042857142857143149e-01 4.528571428571428470e-01
6.114285714285714324e-01 4.242857142857142660e-01
8.542857142857143149e-01 4.557142857142857384e-01
8.614285714285714324e-01 4.500000000000000111e-01
8.628571428571428781e-01 4.242857142857142660e-01
8.514285714285714235e-01 4.185714285714285943e-01
6.199999999999999956e-01 4.400000000000000022e-01
6.128571428571428781e-01 5.428571428571428159e-01
6.471428571428571308e-01 6.157142857142857695e-01
7.314285714285714279e-01 6.342857142857142305e-01
7.971428571428571530e-01 5.999999999999999778e-01
8.299999999999999600e-01 5.371428571428571441e-01
8.414285714285714146e-01 4.357142857142857206e-01
7.371428571428570997e-01 3.871428571428571219e-01
8.585714285714285410e-01 4.471428571428571197e-01
6.485714285714285765e-01 4.699999999999999734e-01
5.671428571428571708e-01 5.428571428571428159e-01
5.657142857142857251e-01 5.328571428571428070e-01
6.485714285714285765e-01 4.642857142857143016e-01
8.585714285714285410e-01 4.242857142857142660e-01
1.785714285714285754e-01 4.571428571428571286e-01
1.600000000000000033e-01 4.514285714285714013e-01
1.628571428571428670e-01 4.142857142857143127e-01
1.785714285714285754e-01 4.057142857142856940e-01
5.142857142857142350e-01 4.371428571428571663e-01
5.185714285714285721e-01 5.428571428571428159e-01
4.642857142857143016e-01 6.257142857142856673e-01
3.628571428571428781e-01 6.585714285714285854e-01
2.671428571428571264e-01 6.271428571428571130e-01
2.099999999999999922e-01 5.514285714285713791e-01
2.028571428571428470e-01 4.299999999999999933e-01
3.614285714285714324e-01 3.785714285714285587e-01
1.614285714285714213e-01 4.528571428571428470e-01
2.257142857142857006e-01 4.699999999999999734e-01
2.842857142857143082e-01 5.457142857142857073e-01
2.871428571428571441e-01 5.342857142857142527e-01
2.242857142857142827e-01 4.614285714285714102e-01
1.600000000000000033e-01 4.157142857142857029e-01
