5.757142857142857340e-01 4.199999999999999845e-01
5.828571428571428514e-01 4.514285714285714013e-01
6.214285714285714413e-01 4.385714285714285565e-01
6.228571428571428870e-01 4.142857142857143127e-01
6.528571428571428026e-01 4.514285714285714013e-01
6.528571428571428026e-01 4.199999999999999845e-01
8.528571428571428692e-01 4.585714285714285743e-01
8.571428571428570953e-01 4.528571428571428470e-01
8.571428571428570953e-01 4.271428571428571574e-01
8.514285714285714235e-01 4.214285714285714302e-01
6.642857142857142572e-01 4.385714285714285565e-01
6.600000000000000311e-01 5.414285714285714812e-01
6.957142857142857295e-01 6.257142857142856673e-01
7.542857142857143371e-01 6.428571428571429047e-01
8.171428571428571708e-01 5.999999999999999778e-01
8.442857142857143060e-01 5.100000000000000089e-01
8.428571428571428603e-01 4.371428571428571663e-01
7.642857142857142350e-01 3.842857142857142860e-01
8.457142857142857517e-01 4.528571428571428470e-01
6.028571428571428692e-01 4.914285714285714368e-01
5.014285714285714457e-01 5.785714285714286254e-01
4.928571428571428825e-01 5.714285714285713969e-01
5.771428571428571797e-01 4.957142857142857184e-01
8.428571428571428603e-01 4.285714285714285476e-01
1.957142857142857018e-01 4.714285714285714191e-01
1.628571428571428670e-01 4.642857142857143016e-01
1.600000000000000033e-01 4.214285714285714302e-01
1.957142857142857018e-01 4.071428571428571397e-01
5.671428571428571708e-01 4.385714285714285565e-01
5.685714285714286165e-01 5.571428571428571619e-01
5.300000000000000266e-01 6.414285714285714590e-01
4.357142857142857206e-01 6.942857142857142838e-01
3.171428571428571153e-01 6.785714285714286031e-01
2.357142857142857095e-01 5.814285714285714057e-01
2.185714285714285832e-01 4.314285714285714390e-01
4.028571428571428581e-01 3.714285714285714413e-01
1.528571428571428581e-01 4.685714285714285832e-01
1.428571428571428492e-01 5.071428571428571175e-01
1.971428571428571475e-01 6.014285714285714235e-01
1.985714285714285654e-01 5.871428571428571885e-01
1.471428571428571308e-01 5.000000000000000000e-01
1.485714285714285765e-01 4.371428571428571663e-01
