4.457142857142857295e-01 3.942857142857142949e-01
4.457142857142857295e-01 4.342857142857142749e-01
4.942857142857142727e-01 4.157142857142857029e-01
4.942857142857142727e-01 3.842857142857142860e-01
5.442857142857142616e-01 4.342857142857142749e-01
5.514285714285713791e-01 3.942857142857142949e-01
9.399999999999999467e-01 4.442857142857142838e-01
9.542857142857142927e-01 4.371428571428571663e-01
9.585714285714285188e-01 3.942857142857142949e-01
9.399999999999999467e-01 3.871428571428571219e-01
5.699999999999999512e-01 4.142857142857143127e-01
5.628571428571428337e-01 5.442857142857142616e-01
6.271428571428571130e-01 6.500000000000000222e-01
7.271428571428570908e-01 6.742857142857142660e-01
8.385714285714285232e-01 6.385714285714285676e-01
9.071428571428571397e-01 5.442857142857142616e-01
9.214285714285713746e-01 4.157142857142857029e-01
7.542857142857143371e-01 3.457142857142856962e-01
9.571428571428571841e-01 4.385714285714285565e-01
7.657142857142856807e-01 4.699999999999999734e-01
6.871428571428571663e-01 5.528571428571428248e-01
6.814285714285713835e-01 5.414285714285714812e-01
7.514285714285714457e-01 4.628571428571428559e-01
9.585714285714285188e-01 3.957142857142857406e-01
7.571428571428572007e-02 4.357142857142857206e-01
6.571428571428571119e-02 4.271428571428571574e-01
6.285714285714286143e-02 3.857142857142857317e-01
8.285714285714285143e-02 3.771428571428571686e-01
4.271428571428571574e-01 4.142857142857143127e-01
4.328571428571428847e-01 5.442857142857142616e-01
3.571428571428571508e-01 6.500000000000000222e-01
2.685714285714285721e-01 6.671428571428571486e-01
1.757142857142857117e-01 6.314285714285714501e-01
1.042857142857142871e-01 5.171428571428571264e-01
9.571428571428571008e-02 4.057142857142856940e-01
2.600000000000000089e-01 3.471428571428571419e-01
6.285714285714286143e-02 4.285714285714285476e-01
2.800000000000000266e-01 4.571428571428571286e-01
3.671428571428571597e-01 5.442857142857142616e-01
3.714285714285714413e-01 5.271428571428571352e-01
2.857142857142856984e-01 4.514285714285714013e-01
6.285714285714286143e-02 3.871428571428571219e-01
