#±ÇÁº
-0.668 5.331 -6.797
-0.71 4.127 -6.784
0 4.436 -6.999
0 5.224 -6.999
0.71 4.127 -6.784
0.668 5.331 -6.797
#ÓÒ¾µ×®
10.298 3.949 -5.425
10.871 4.096 -4.792
10.871 5.395 -4.792
10.298 5.554 -5.427
#ÓÒ¾µ¿ò
0.961 4.901 -6.759
1.368 2.755 -6.725
2.722 0.802 -6.614
5.892 0.134 -6.293
8.305 0.593 -5.84
9.706 2.506 -5.57
9.898 5.07 -5.533
5.911 6.239 -6.278
#ÓÒ¾µÍÈ
10.875 4.116 -4.707
9.526 2.751 14.852
8.485 0.072 17.388
7.886 0.208 18.646
9.394 3.317 15.262
10.876 5.381 -4.711
#×ó¾µ×®
-10.298 3.949 -5.425
-10.871 4.096 -4.792
-10.871 5.395 -4.972
-10.298 5.554 -5.427
#×ó¾µ¿ò
-0.961 4.901 -6.759
-1.368 2.755 -6.725
-2.722 0.802 -6.614
-5.892 0.134 -6.293
-8.305 0.593 -5.84
-9.706 2.506 -5.57
-9.898 5.07 -5.533
-5.911 6.239 -6.278
#×ó¾µÍÈ
-10.875 4.116 -4.707
-9.526 2.751 14.852
-8.485 0.072 17.388
-7.886 0.208 18.646
-9.394 3.317 15.262
-10.876 5.381 -4.711
